3.15244
5.10417
3.57674
3.95401
4.35247
3.35281
3.57674
2.63066
3.13941
3.76603
4.11145
3.57674
3.64035
3.39988
3.52544
3.57674
3.33559
3.16024
2.83253
2.94335
2.89835
3.42586
2.93064
3.23963
3.23959
3.57674
3.57674
4.84586
3.82927
3.32805
3.57674
4.14549
2.14037
3.65636
1.86858
3.14233
3.3455
3.8847
3.57674
3.65454
4.40178
3.99096
2.36507
4.24833
3.07325
3.57674
4.09195
2.93687
3.46133
4.21737
3.15035
3.57674
2.86143
3.72602
3.17946
2.78542
3.24958
3.9333
2.81397
3.57674
3.64547
5.33348
3.95484
2.83369
3.57674
3.02557
4.23424
3.21155
3.03482
3.85622
3.9135
4.07088
2.8656
4.48451
3.42924
4.31714
3.86626
4.62841
4.20013
4.32754
2.74401
3.00011
3.20731
2.74521
3.65713
3.57674
3.88906
3.57674
2.37743
4.08024
3.57674
4.04536
3.95476
2.69316
1.47126
4.36512
3.57674
3.57674
3.26629
1.9251
3.57674
2.72141
4.34555
2.59061
2.70895
4.27904
3.66402
4.50724
3.5132
3.6225
2.98948
2.99946
4.41325
3.79266
4.04448
3.36523
3.70508
3.57674
3.93126
2.32317
3.57674
3.70153
2.697
4.2022
2.43049
3.57674
4.15652
3.57674
3.60834
2.65788
2.43688
3.50918
1.27672
4.3705
3.97224
3.81092
3.77944
2.0634
2.38454
3.24309
3.67537
3.68122
3.45698
1.08929
4.623
4.03811
4.42814
3.57674
3.84796
3.0229
3.57674
3.60846
3.49811
2.71896
4.59813
3.57674
3.57665
3.67017
2.76066
2.63952
2.64495
3.57674
3.73639
4.37879
4.52161
2.44456
3.99768
3.56915
3.73666
3.38334
3.35051
3.00807
5.29732
4.00986
5.367
3.42242
3.85555
3.57674
3.57674
3.06482
3.75948
2.7731
3.81367
2.88105
4.65908
4.43741
3.91639
3.05301
3.22691
3.57674
3.40748
2.16374
3.44362
3.68404
3.63432
2.83799
2.61299
2.09102
2.35221
3.39201
3.73422
3.38967
3.54596
4.70664
3.04342
4.13705
2.65844
3.77315
3.34017
3.06718
3.0978
3.35894
3.38003
3.4552
4.17507
3.5342
3.64242
3.75453
4.48169
2.83284
3.49595
3.74967
2.36225
3.57674
3.07175
3.07495
4.54699
3.49692
3.57674
0.805688
3.33198
3.05454
2.02144
2.98675
2.87611
3.58696
3.62689
3.03748
4.32291
3.92872
3.39607
3.25647
3.81442
3.37075
3.57674
3.6923
2.07632
3.64368
3.18477
3.03588
3.28904
4.717
2.87344
3.33172
3.57674
2.39059
3.24681
3.89635
4.4535
3.57674
4.06414
3.6657
3.17359
3.76708
3.94032
4.80022
3.86961
3.5422
3.57674
3.57674
4.8316
2.1392
3.79845
3.51088
3.01644
3.5648
4.16439
1.83966
3.12704
3.23646
3.57674
2.20107
3.11518
4.31431
4.59588
4.74684
3.61558
3.17903
3.02021
4.20375
3.84701
3.57674
4.31695
3.40617
2.29651
1.71254
4.05697
4.08767
3.57674
3.83528
2.38539
2.82591
3.5811
3.85912
3.45966
3.57674
2.7573
2.83081
3.51788
3.05882
3.55755
2.97092
3.97178
1.65226
4.40957
4.28649
2.92696
3.92977
3.26034
2.63681
2.86285
4.79079
3.5332
3.52767
3.44451
3.78675
3.61422
3.53769
2.5791
2.44521
3.44164
4.0352
2.59408
3.13257
2.97447
3.57674
2.06849
2.82984
3.61516
4.29583
4.22418
2.79861
3.57674
3.57674
2.94678
5.23848
3.14712
3.57674
3.91325
4.21364
3.78138
4.10741
3.86753
4.64288
3.57674
3.33913
4.5675
3.3318
3.6718
3.27928
4.20441
2.39704
3.66753
2.9388
3.25102
3.45062
3.6642
3.53402
3.6432
3.57674
3.57674
3.46211
4.2376
3.07752
2.67912
3.61461
4.61675
2.49593
4.31537
3.34922
4.18199
3.37932
3.63101
3.54919
3.22209
1.8938
3.14067
3.57674
3.54958
3.57674
3.57674
4.32664
1.68144
2.12692
3.3286
3.61156
3.52825
3.65884
3.57674
3.4872
3.60766
3.57447
3.57674
3.57674
3.2063
2.23279
4.03912
4.81667
3.57153
2.61519
3.42939
2.65358
3.78226
5.22109
3.30628
4.40715
4.09756
3.22054
3.99085
3.50861
3.27362
4.29691
4.75351
5.60894
3.35568
3.57674
4.14663
3.32583
2.40584
3.69582
3.68352
3.57674
3.96007
3.32581
2.4683
4.30037
3.33735
3.73626
4.3343
2.69924
3.28688
3.66132
3.35826
2.75971
3.01111
3.25013
3.72665
4.28138
2.96079
4.91883
3.80519
3.53358
2.55152
3.38987
3.35011
3.62047
3.29477
2.56793
3.57674
2.33997
3.34695
2.87174
3.54156
3.95377
3.01028
2.58377
3.45957
3.83548
3.57674
3.57957
3.48237
2.98038
3.57674
2.78964
3.57674
3.57674
2.98534
4.88868
3.13604
2.98258
2.87408
4.58907
3.11933
3.32698
4.77494
3.57674
3.48722
3.27333
3.65571
3.2616
2.40814
1.11624
4.62903
3.325
4.28666
3.39231
3.88021
2.92207
3.26011
3.12283
3.57674
3.57674
3.24102
3.57674
3.54256
3.57674
3.9457
4.19209
3.10739
4.08609
3.60719
4.20395
3.48093
4.25816
3.23006
3.10273
2.35986
3.78119
2.79412
2.29714
3.81847
4.23177
4.04724
3.88424
3.26972
3.67477
4.461
3.46345
1.72923
3.82575
3.61508
4.06573
3.97487
1.95279
4.65677
4.43413
3.6565
3.10265
3.57674
2.8829
3.50552
3.61651
2.79833
4.29213
2.12166
4.35429
3.7247
1.78316
2.71976
3.24139
3.57674
3.77186
3.57674
3.19472
4.29334
4.17879
4.34339
3.84788
4.33362
3.57756
3.23254
3.42373
3.59462
4.16312
1.83458
4.13171
3.7309
3.19965
5.22955
2.68795
3.85917
2.82544
3.75664
3.794
4.16293
1.98303
2.93328
3.02079
3.90203
3.53724
3.57674
2.75823
4.74936
3.74468
2.90897
2.31941
3.44576
3.62207
3.78849
2.73223
3.27271
4.73777
3.21582
2.79388
2.45568
4.11028
3.74087
3.27012
3.75859
3.70436
3.02882
3.57674
2.87791
2.39939
3.62769
3.24874
4.07778
3.57674
4.31586
2.31937
4.38273
4.23628
3.19771
3.69546
0.623796
3.77321
4.51709
3.05539
3.14568
3.50498
3.65253
2.65801
2.99444
3.21561
3.74844
2.99161
3.56151
2.55583
3.57674
3.6519
1.96481
2.02656
4.19668
2.2005
2.97388
3.27828
4.32327
4.08388
4.41897
3.96013
4.49782
3.40132
1.77487
2.5702
3.57674
3.41978
3.91373
4.92273
4.51389
3.68058
3.57674
3.77322
3.93509
3.57674
2.41145
4.19375
2.8982
2.95041
3.57674
1.98421
3.57674
2.74542
5.02062
3.40211
4.48773
4.21281
1.72072
3.53328
3.07518
3.12975
2.65152
4.39807
4.2275
2.19644
3.79059
4.48832
4.71755
1.86678
3.0647
1.20148
3.57674
3.94357
2.90655
4.68379
2.89663
3.96832
3.56582
3.2867
5.01804
3.94574
2.79656
2.21931
4.45873
2.7042
2.92926
3.57674
2.8809
3.55847
3.57674
3.07279
3.51284
3.67186
2.5137
4.99151
3.0479
2.58313
3.38611
4.191
2.70607
4.05414
3.96742
3.35781
3.8236
3.46277
2.77496
3.45228
3.52374
4.88267
3.79735
3.701
2.93404
3.76846
4.32027
3.98655
3.44662
3.86705
4.671
3.13823
4.62732
4.62562
3.57674
3.31806
3.14842
2.44132
3.53421
3.65257
3.239
4.01183
3.57674
4.46015
3.43889
3.60846
3.57674
2.85727
3.30539
2.91758
2.97627
3.16169
2.82209
3.20668
2.80714
2.86512
3.14043
2.57298
3.57674
3.02539
3.83796
3.12732
3.99158
3.42114
3.76413
3.57674
3.29657
3.57674
4.48576
3.61382
3.27944
3.57674
2.49642
4.41887
4.10979
3.57674
3.8107
3.89094
3.72363
3.4497
3.57674
4.59003
2.22068
4.37157
3.57674
4.3532
4.14659
3.03436
3.70778
5.08365
2.86519
4.20083
2.46639
3.98065
2.88019
3.82868
2.86127
4.0646
