$ cd /datos/datasets/libmf/demo 
$ bash demo.sh                    
--------------------------------
Real-valued matrix factorization
--------------------------------
iter      tr_rmse      va_rmse          obj
   0       0.9955       0.9236   2.5693e+07
   1       0.9140       0.8804   2.2704e+07
   2       0.8802       0.8588   2.1623e+07
   3       0.8632       0.8447   2.1150e+07
   4       0.8514       0.8353   2.0847e+07
   5       0.8429       0.8283   2.0636e+07
   6       0.8368       0.8231   2.0489e+07
   7       0.8320       0.8196   2.0378e+07
   8       0.8281       0.8163   2.0289e+07
   9       0.8245       0.8130   2.0209e+07
MAE = 0.6374
---------------------------
binary matrix factorization
---------------------------
iter   tr_logloss   va_logloss          obj
   0       0.7009       0.8163   3.4846e+03
   1       0.6976       0.8163   3.4668e+03
   2       0.6812       0.8171   3.3868e+03
   3       0.6665       0.8087   3.3161e+03
   4       0.6505       0.8018   3.2414e+03
   5       0.6318       0.7934   3.1546e+03
   6       0.6086       0.7812   3.0482e+03
   7       0.5804       0.7591   2.9189e+03
   8       0.5459       0.7355   2.7615e+03
   9       0.5057       0.7180   2.5790e+03
  10       0.4617       0.7027   2.3792e+03
  11       0.4157       0.6806   2.1720e+03
  12       0.3704       0.6585   1.9683e+03
  13       0.3270       0.6448   1.7750e+03
  14       0.2875       0.6296   1.6003e+03
  15       0.2522       0.6220   1.4453e+03
  16       0.2210       0.6021   1.3099e+03
  17       0.1944       0.5884   1.1955e+03
  18       0.1715       0.5800   1.0985e+03
  19       0.1521       0.5739   1.0168e+03
ACCURACY = 0.7393
-----------------------------------------------------------------
one-class matrix factorization using a stochastic gradient method
-----------------------------------------------------------------
iter   tr_bprloss   va_bprloss          obj
   0       0.6212       0.6271   3.2416e+03
   1       0.6049       0.5933   3.1701e+03
   2       0.5657       0.5690   2.9849e+03
   3       0.5167       0.5280   2.7514e+03
   4       0.4633       0.5022   2.4973e+03
   5       0.4204       0.4806   2.2978e+03
   6       0.3890       0.4698   2.1546e+03
   7       0.3555       0.4578   1.9997e+03
   8       0.3343       0.4201   1.9064e+03
   9       0.3109       0.4163   1.8012e+03
  10       0.2947       0.4297   1.7297e+03
  11       0.2757       0.4254   1.6439e+03
  12       0.2656       0.4213   1.6024e+03
  13       0.2503       0.4244   1.5338e+03
  14       0.2430       0.4184   1.5046e+03
  15       0.2351       0.4305   1.4710e+03
  16       0.2329       0.4052   1.4658e+03
  17       0.2232       0.4219   1.4222e+03
  18       0.2177       0.4347   1.4004e+03
  19       0.2052       0.4257   1.3412e+03
Row-wise MPR = 0.2629
Row-wise AUC = 0.7060
----------------------------------------------------------------
one-class matrix factorization using a coordinate descent method
----------------------------------------------------------------
iter   tr_sqerror    tr_sqerror+    tr_sqerror-   va_sqerror    va_sqerror+    va_sqerror-          obj
   0      76.2547         1.5447        74.7100     565.6007       488.5068        77.0939   1.5152e+02
   1      54.0311         1.0794        52.9517     526.2443       470.8935        55.3509   1.0655e+02
   2      48.0675         0.9333        47.1343     506.5060       456.9721        49.5339   9.2572e+01
   3      45.0470         0.8730        44.1740     493.7466       447.1744        46.5722   8.5755e+01
   4      43.0931         0.8323        42.2608     484.5726       439.9154        44.6572   8.1595e+01
   5      41.6632         0.8018        40.8614     477.2852       434.0292        43.2560   7.8660e+01
   6      40.5349         0.7766        39.7584     471.0943       428.9430        42.1513   7.6374e+01
   7      39.5959         0.7544        38.8415     465.6679       424.4350        41.2329   7.4470e+01
   8      38.7832         0.7360        38.0472     460.8637       420.4264        40.4372   7.2814e+01
   9      38.0603         0.7236        37.3367     456.5794       416.8542        39.7252   7.1334e+01
  10      37.4061         0.7200        36.6860     452.7472       413.6743        39.0729   6.9994e+01
  11      36.8113         0.7273        36.0840     449.2910       410.8221        38.4689   6.8777e+01
  12      36.2759         0.7459        35.5300     446.0790       408.1665        37.9126   6.7679e+01
  13      35.8042         0.7744        35.0298     443.0147       405.6049        37.4097   6.6704e+01
  14      35.3998         0.8095        34.5903     440.0716       403.1044        36.9672   6.5852e+01
  15      35.0605         0.8471        34.2134     437.2577       400.6704        36.5873   6.5116e+01
  16      34.7793         0.8832        33.8961     434.5850       398.3181        36.2669   6.4483e+01
  17      34.5466         0.9148        33.6319     432.0749       396.0752        35.9996   6.3938e+01
  18      34.3528         0.9402        33.4126     429.7432       393.9655        35.7776   6.3465e+01
  19      34.1895         0.9592        33.2304     427.5866       391.9937        35.5929   6.3051e+01
Row-wise MPR = 0.2030
Row-wise AUC = 0.8223