--------------------------------
Real-valued matrix factorization
--------------------------------
iter      tr_rmse      va_rmse          obj
   0       2.4546       1.3349   3.1861e+04
   1       1.1707       1.0869   8.5716e+03
   2       0.9013       1.0377   5.7708e+03
   3       0.8048       1.0245   4.9447e+03
   4       0.7543       1.0200   4.5625e+03
   5       0.7074       1.0063   4.2182e+03
   6       0.6645       1.0131   3.9365e+03
   7       0.6197       1.0121   3.7001e+03
   8       0.5706       1.0120   3.4340e+03
   9       0.5190       1.0121   3.1676e+03
MAE = 0.7865
---------------------------
binary matrix factorization
---------------------------
iter   tr_logloss   va_logloss          obj
   0       0.6607       0.8163   3.2862e+03
   1       0.6971       0.8163   3.4646e+03
   2       0.6814       0.8201   3.3879e+03
   3       0.6662       0.8087   3.3155e+03
   4       0.6501       0.7995   3.2399e+03
   5       0.6310       0.7919   3.1517e+03
   6       0.6081       0.7736   3.0461e+03
   7       0.5791       0.7538   2.9140e+03
   8       0.5445       0.7332   2.7563e+03
   9       0.5048       0.7119   2.5759e+03
  10       0.4611       0.6890   2.3781e+03
  11       0.4150       0.6692   2.1708e+03
  12       0.3696       0.6578   1.9676e+03
  13       0.3275       0.6380   1.7803e+03
  14       0.2869       0.6319   1.6008e+03
  15       0.2519       0.6159   1.4482e+03
  16       0.2203       0.6021   1.3111e+03
  17       0.1937       0.5915   1.1974e+03
  18       0.1708       0.5785   1.1005e+03
  19       0.1513       0.5724   1.0191e+03
ACCURACY = 0.7409
-----------------------------------------------------------------
one-class matrix factorization using a stochastic gradient method
-----------------------------------------------------------------
iter   tr_bprloss   va_bprloss          obj
   0       0.3485       0.6267   1.8324e+03
   1       0.5401       0.6025   2.8360e+03
   2       0.5649       0.5617   2.9808e+03
   3       0.5194       0.5323   2.7667e+03
   4       0.4781       0.5087   2.5742e+03
   5       0.4341       0.4892   2.3668e+03
   6       0.3924       0.4668   2.1721e+03
   7       0.3628       0.4553   2.0382e+03
   8       0.3359       0.4314   1.9167e+03
   9       0.3166       0.4541   1.8311e+03
  10       0.2999       0.4340   1.7580e+03
  11       0.2850       0.4413   1.6927e+03
  12       0.2686       0.4237   1.6185e+03
  13       0.2556       0.4143   1.5608e+03
  14       0.2481       0.4039   1.5302e+03
  15       0.2396       0.4324   1.4939e+03
  16       0.2353       0.4165   1.4787e+03
  17       0.2285       0.4048   1.4501e+03
  18       0.2170       0.4199   1.3969e+03
  19       0.2081       0.4409   1.3573e+03
Row-wise MPR = 0.2660
Row-wise AUC = 0.7040
----------------------------------------------------------------
one-class matrix factorization using a coordinate descent method
----------------------------------------------------------------
iter   tr_sqerror    tr_sqerror+    tr_sqerror-   va_sqerror    va_sqerror+    va_sqerror-          obj
   0      76.2547         1.5447        74.7100     565.6007       488.5068        77.0939   1.5152e+02
   1      54.0311         1.0794        52.9517     526.2443       470.8935        55.3509   1.0655e+02
   2      48.0675         0.9333        47.1343     506.5060       456.9721        49.5339   9.2572e+01
   3      45.0470         0.8730        44.1740     493.7466       447.1744        46.5722   8.5755e+01
   4      43.0931         0.8323        42.2608     484.5726       439.9154        44.6572   8.1595e+01
   5      41.6632         0.8018        40.8614     477.2852       434.0292        43.2560   7.8660e+01
   6      40.5349         0.7766        39.7584     471.0943       428.9430        42.1513   7.6374e+01
   7      39.5959         0.7544        38.8415     465.6679       424.4350        41.2329   7.4470e+01
   8      38.7832         0.7360        38.0472     460.8637       420.4264        40.4372   7.2814e+01
   9      38.0603         0.7236        37.3367     456.5794       416.8542        39.7252   7.1334e+01
  10      37.4061         0.7200        36.6860     452.7472       413.6743        39.0729   6.9994e+01
  11      36.8113         0.7273        36.0840     449.2910       410.8221        38.4689   6.8777e+01
  12      36.2759         0.7459        35.5300     446.0790       408.1665        37.9126   6.7679e+01
  13      35.8042         0.7744        35.0298     443.0147       405.6049        37.4097   6.6704e+01
  14      35.3998         0.8095        34.5903     440.0716       403.1044        36.9672   6.5852e+01
  15      35.0605         0.8471        34.2134     437.2577       400.6704        36.5873   6.5116e+01
  16      34.7793         0.8832        33.8961     434.5850       398.3181        36.2669   6.4483e+01
  17      34.5466         0.9148        33.6319     432.0749       396.0752        35.9996   6.3938e+01
  18      34.3528         0.9402        33.4126     429.7432       393.9655        35.7776   6.3465e+01
  19      34.1895         0.9592        33.2304     427.5866       391.9937        35.5929   6.3051e+01
Row-wise MPR = 0.2030
Row-wise AUC = 0.8223
